Merge "reed.msh";

General.ScaleX = 4.361515968368731;
General.ScaleY = 4.361515968368731;
General.ScaleZ = 4.361515968368731;
General.SmallAxes = 0;
General.TranslationX = 0.06779975547964256;
General.TranslationY = -0.3310864083486126;
Geometry.Curves = 0;
Geometry.Points = 0;
Mesh.ColorCarousel = 2;
Mesh.Light = 0;
Mesh.Lines = 1;
Mesh.Nodes = 1;
Mesh.NodeSize = 10;

Mesh.Color.Zero = {113,113,124};
Merge "iaea-colors.geo";
Mesh.Color.Zero = {113,113,124};
Mesh.Color.Three = {32,32,32};
