x3 = (4.151039123535156);
y3 = (-2.576427459716797);
