x3 = (3.6083006858825684);
y3 = (-0.8705824613571167);
